samir 4 600 1 1000 20
aziz 2 400 2 6000 0
alaa 2 400 2 6000 0
mariem 2 400 2 6000 0
mariem 2 400 2 6000 0
mariem 2 400 2 6000 0
mariem 2 400 2 6000 0
mariem 2 400 2 6000 0
mariem 2 400 2 6000 0
mariem 2 400 2 6000 0
mariem 2 400 2 6000 0
mariem 2 400 2 6000 0
mariem 2 400 2 6000 0
mariem 2 400 2 6000 0
mariem 2 400 2 6000 0
mariem 2 400 2 6000 0
mariem 2 400 2 6000 0
mariem 2 400 2 6000 0
mariem 2 400 2 6000 0
mariem 2 400 2 6000 0
mariem 2 400 2 6000 0
mariem 2 400 2 6000 0
mariem 2 400 2 6000 0
mariem 2 400 2 6000 0
mariem 2 400 2 6000 0
mariem 2 400 2 6000 0
mariem 2 400 2 6000 0
mariem 2 400 2 6000 0
mariem 2 400 2 6000 0
mariem 2 400 2 6000 0
mariem 2 400 2 6000 0
mariem 2 400 2 6000 0
mariem 2 400 2 6000 0
mariem 2 400 2 6000 0
mariem 2 400 2 6000 0
mariem 2 400 2 6000 0
mariem 2 400 2 6000 0
mariem 2 400 2 6000 0
mariem 2 400 2 6000 0
mariem 2 400 2 6000 0
mariem 2 400 2 6000 0
mariem 2 400 2 6000 0
mariem 2 400 2 6000 0
mariem 2 400 2 6000 0
mariem 2 400 2 6000 0
mariem 2 400 2 6000 0
mariem 2 400 2 6000 0
mariem 2 400 2 6000 0
mariem 2 400 2 6000 0
mariem 2 400 2 6000 0
mariem 2 400 2 6000 0
mariem 2 400 2 6000 0
mariem 2 400 2 6000 0
mariem 2 400 2 6000 0
mariem 2 400 2 6000 0
mariem 2 400 2 6000 0
mariem 2 400 2 6000 0
mariem 2 400 2 6000 0
mariem 2 400 2 6000 0
mariem 2 400 2 6000 0
mariem 2 400 2 6000 0
mariem 2 400 2 6000 0
mariem 2 400 2 6000 0
mariem 2 400 2 6000 0
mariem 2 400 2 6000 0
mariem 2 400 2 6000 0
mariem 2 400 2 6000 0
mariem 2 400 2 6000 0
mariem 2 400 2 6000 0
mariem 2 400 2 6000 0
mariem 2 400 2 6000 0
mariem 2 400 2 6000 0
mariem 2 400 2 6000 0
mariem 2 400 2 6000 0
mariem 2 400 2 6000 0
mariem 2 400 2 6000 0
mariem 2 400 2 6000 0
mariem 2 400 2 6000 0
mariem 2 400 2 6000 0
mariem 2 400 2 6000 0
mariem 2 400 2 6000 0
mariem 2 400 2 6000 0
mariem 2 400 2 6000 0
mariem 2 400 2 6000 0
mariem 2 400 2 6000 0
mariem 2 400 2 6000 0
mariem 2 400 2 6000 0
mariem 2 400 2 6000 0
mariem 2 400 2 6000 0
mariem 2 400 2 6000 0
mariem 2 400 2 6000 0
mariem 2 400 2 6000 0
mariem 2 400 2 6000 0
mariem 2 400 2 6000 0
mariem 2 400 2 6000 0
mariem 2 400 2 6000 0
mariem 2 400 2 6000 0
mariem 2 400 2 6000 0
mariem 2 400 2 6000 0
mariem 2 400 2 6000 0
mariem 2 400 2 6000 0
mariem 2 400 2 6000 0
mariem 2 400 2 6000 0
mariem 2 400 2 6000 0
mariem 2 400 2 6000 0
mariem 2 400 2 6000 0
mariem 2 400 2 6000 0
mariem 2 400 2 6000 0
mariem 2 400 2 6000 0
mariem 2 400 2 6000 0
mariem 2 400 2 6000 0
mariem 2 400 2 6000 0
mariem 2 400 2 6000 0
mariem 2 400 2 6000 0
mariem 2 400 2 6000 0
mariem 2 400 2 6000 0
mariem 2 400 2 6000 0
mariem 2 400 2 6000 0
mariem 2 400 2 6000 0
mariem 2 400 2 6000 0
mariem 2 400 2 6000 0
mariem 2 400 2 6000 0
mariem 2 400 2 6000 0
mariem 2 400 2 6000 0
mariem 2 400 2 6000 0
mariem 2 400 2 6000 0
mariem 2 400 2 6000 0
mariem 2 400 2 6000 0
mariem 2 400 2 6000 0
mariem 2 400 2 6000 0
mariem 2 400 2 6000 0
mariem 2 400 2 6000 0
mariem 2 400 2 6000 0
mariem 2 400 2 6000 0
mariem 2 400 2 6000 0
